00000000000000000000000000000000
01111111111111111111111111111100
01211111111111111111111111111100
01111111111111111111111111111100
01111111111111111111111111111100
01111111111111111111111111111100
01111111111111111111111111111100
01111111111111111111111111111100
01111111111111111111111111111100
00000000000000110000000000000000
01111111111111111111111111111100
01111111111111111111111111111100
01111111111111111111111111111100
01111111111111111111111111111100
01111111111111111111111111111100
01111111111111111111111111111100
01111111111111111111111111111100
01111111111111111111111111111100
01111111111111111111111111111100
00000000000000110000000000000000
01111111111111111111111111111100
01111111111111111111111111111100
01111111111111111111111111111100
01111111111111111111111111111100
01111111111111111111111111111100
01111111111111111111111111111100
01111111111111111111111111111100
01111111111111111111111111111100
01111111111111111111111111111100
01111111111111111111111111113100
01111111111111111111111111111100
00000000000000000000000000000000
